1010500001503372
1010500001098203
1010500001511777
1010500001477055
1010500001100861
1010500001402520
1010500001524573
1010500001362597
1010500000134647
1010500001345176
1010500001349841
1000300000087846
1000300000051359
1010500000729781
1010500001548992
1010500000629597
1000300000118575
1000000001011445
1010500000645783
1010500001489540
1010500000661012
1010500000662735
1000000001541954
1010500001214533
1010500001318952
1010500001263837
1010500001452663
1010500001516742
1010500001518991
1010500000162044
1000000000084493
1010500001124362
1010500001477499
1010500001458353
1010500000129712
1010500001372768
1010500001476489
1010500001540611
1010500001411664
1000000001548990
1000000000223398
1000000001330245
1000000001141321
1010500001431055
1010500001491132
1010500001505238
1010500001478283
1010500000442404
1000000000075635
1010500001508244
1000000000034106
1000200000010137
1010500001120580
1000300000029740
1000000001171755
1010500001509624
1010500001179663
1010500001276479
1010500001517270
1010500001487069
1010500001351946
1000000001413152
1000000001107764
1000000001312685
1010500001366054
1010500001215285
1010500001510362
1010500001392349
1010500001450537
1010500001254236
1000600000001233
1010500001429482
1010500000133646
1010500001546939
1010500001544682
1010500001548140
1000000001483333
1000300000047679
1010500000172905
1010500001061491
1010500000642830
1000000001357934
1010500001407683
1010500001496334
1010500001567612
1000000001285105
1010500001520109
1010500001569166
1010500000692166
1000000001086456
1000000001349831
1010500001227319
1010500000689397
1010500001454660
1010500001570029
1010500001591403
1010500000045222
1010500001601906
1010500001316369
1010500001602028
MUELL1306
1010500001049837
1000300000110156
1010500001520124
1010500001159243
1000000001075667
1010500001223299
1010500001538273
