3354767120
2479400482
2412742357
1586065721
1927593859
2548340329
4303498074
1945742615
2329958267
1796583493
2892985990
1386675467
8794228571
8173186989
1695247722
6153552387
1662659766
4768512922
3076669553
2279813640
2142664493
5275848856
7419196482
6825417483
3081303295
4317132085
2972449607
2399582451
1256775947
4518897265
1758914517
1576600226
4956634693
2486568817
8181136469
5299415775
8510706821
1314470134
1893064047
2768538186
9368949062
1739826806
1789869406
3207339669
8187948737
6574121576
2256641385
1595901304
2472618458
1785982934
3022131399
1399326562
1420385336
2393974184
1375643265
2196627916
1127695631
2837846150
2372468279
3163739129
6431671121
9719800269
1137583566
3115960503
1757971702
2772263437
1135270409
9929564361
5922649541
2306218080
1649476042
2697130706
2869176418
1276999771
2621926483
1932819459
2285739941
3340520902
3206173605
3458261641
2626729381
3028157974
1477766747
1233955799
2291731924
6274576111
5547151077
7978370933
2054294315
6877598139
4698339520
2985709287
2606391083
7921217748
7381485404
2861154924
5213985553
2257805331
3357038521
2364804318
3240385396
3388008156
2260718772
1282440830
3007703436
5848629397
